1 00011 00000 00001 00000 00010 000000  96  LW    R1, 128(R0)
1 01000 00001 00001 11111 11111 111000  100 ADDI  R1, R1, #-8
1 01011 00000 00001 00000 00010 000000  104 SW    R1, 128(R0)
1 00001 00001 00000 00000 00000 000010  108 BLTZ  R1, #8
1 00010 00000 00000 00000 00000 011000  112 J     #96
0 00000 00000 00000 00000 00000 000000  116 Invalid Instruction
0 00000 00000 00000 00000 00000 000000  120 Invalid Instruction
1 00000 00000 00000 00000 00000 001101  124 BREAK 
00000000000000000000000000000100	128 4
00000000000000000000000000010000	132 16
