1 00011 00000 00001 00000 00010 001000	96	LW	R1, 136(R0)
1 00011 00001 00010 00000 00010 001000	100	LW	R2, 136(R1)
1 00011 00010 00011 00000 00010 001000	104	LW	R3, 136(R2)
1 00000 00001 00011 00100 00000 100000	108	ADD	R4, R1, R3
1 00000 00100 00010 00011 00000 100000	112	ADD	R3, R4, R2
1 01000 00010 00001 11111 11111 111011	116	ADDI	R1, R2, #-5
1 01000 00010 00011 11111 11111 111011	120	ADDI	R3, R2, #-5
1 01011 00000 00001 00000 00010 001000	124	SW	R1, 136(R0)
1 00001 00011 00000 11111 11111 110111	128	BLTZ	R3, #-36
1 00000 00000 00000 00000 00000 001101	132	BREAK
00000000000000000000000000001100	136	12
00000000000000000000000000000000	140	0
00000000000000000000000000000000	144	0
00000000000000000000000000010100	148	20
00000000000000000000000000000000	152	0
11111111111111111111111111111011	156	-5