1 00011 00000 00001 00000 00010 010000	96	LW	R1, 144(R0)
1 00011 00000 00010 00000 00010 010100	100	LW	R2, 148(R0)
1 00000 00011 00001 00011 00000 100000	104	ADD	R3, R3, R1
1 00000 00011 00010 00011 00000 100000	108	ADD	R3, R3, R2
1 01000 00010 00010 11111 11111 111111	112	ADDI	R2, R2, #-1
1 00001 00010 00000 00000 00000 000001	116	BLTZ	R2, #4
1 00010 00000 00000 00000 00000 011010	120	J	#104
1 01000 00001 00001 11111 11111 111111	124	ADDI	R1, R1, #-1
1 00001 00001 00000 00000 00000 000001	128	BLTZ	R1, #4
1 00010 00000 00000 00000 00000 011001	132	J	#100
1 01011 00000 00011 00000 00010 010000	136	SW	R3, 144(R0)
1 00000 00000 00000 00000 00000 001101	140	BREAK
00000000000000000000000000000001	144	1
00000000000000000000000000000001	148	1